start, stop
1.835530500000000000e+09, 1.835530980000000000e+09
1.835574180000000000e+09, 1.835574660000000000e+09
1.835617860000000000e+09, 1.835618340000000000e+09
1.835661540000000000e+09, 1.835662020000000000e+09
1.835705220000000000e+09, 1.835705700000000000e+09
1.835748900000000000e+09, 1.835749380000000000e+09
1.835792580000000000e+09, 1.835793060000000000e+09
1.835836260000000000e+09, 1.835836740000000000e+09
1.835879940000000000e+09, 1.835880420000000000e+09
1.835923620000000000e+09, 1.835924100000000000e+09
1.835967300000000000e+09, 1.835967780000000000e+09
1.836010980000000000e+09, 1.836011460000000000e+09
1.836054660000000000e+09, 1.836055140000000000e+09
1.836098340000000000e+09, 1.836098820000000000e+09
1.836142020000000000e+09, 1.836142500000000000e+09
1.836185700000000000e+09, 1.836186180000000000e+09
1.836229380000000000e+09, 1.836229860000000000e+09
1.836273060000000000e+09, 1.836273540000000000e+09
1.836316740000000000e+09, 1.836317220000000000e+09
1.836360420000000000e+09, 1.836360900000000000e+09
1.836404100000000000e+09, 1.836404580000000000e+09
1.836447780000000000e+09, 1.836448260000000000e+09
1.836491460000000000e+09, 1.836491940000000000e+09
1.836535140000000000e+09, 1.836535620000000000e+09
1.836578820000000000e+09, 1.836579300000000000e+09
1.836622500000000000e+09, 1.836622980000000000e+09
1.836666180000000000e+09, 1.836666660000000000e+09
1.836709860000000000e+09, 1.836710340000000000e+09
1.836753540000000000e+09, 1.836754020000000000e+09
1.836797220000000000e+09, 1.836797700000000000e+09
1.836840900000000000e+09, 1.836841380000000000e+09
1.836884580000000000e+09, 1.836885060000000000e+09
1.836928260000000000e+09, 1.836928740000000000e+09
1.836971940000000000e+09, 1.836972420000000000e+09
1.837015620000000000e+09, 1.837016100000000000e+09
1.837059300000000000e+09, 1.837059780000000000e+09
1.837102980000000000e+09, 1.837103460000000000e+09
1.837146660000000000e+09, 1.837147140000000000e+09
1.837190340000000000e+09, 1.837190820000000000e+09
1.837234020000000000e+09, 1.837234500000000000e+09
1.837277700000000000e+09, 1.837278180000000000e+09
1.837321380000000000e+09, 1.837321860000000000e+09
1.837365060000000000e+09, 1.837365540000000000e+09
1.837408740000000000e+09, 1.837409220000000000e+09
1.837452420000000000e+09, 1.837452900000000000e+09
1.837496100000000000e+09, 1.837496580000000000e+09
1.837539780000000000e+09, 1.837540260000000000e+09
1.837583460000000000e+09, 1.837583940000000000e+09
1.837627140000000000e+09, 1.837627620000000000e+09
1.837670820000000000e+09, 1.837671300000000000e+09
1.837714500000000000e+09, 1.837714980000000000e+09
1.837758180000000000e+09, 1.837758660000000000e+09
1.837801860000000000e+09, 1.837802340000000000e+09
1.837845540000000000e+09, 1.837846020000000000e+09
1.837889220000000000e+09, 1.837889700000000000e+09
1.837932900000000000e+09, 1.837933380000000000e+09
1.837976580000000000e+09, 1.837977060000000000e+09
1.838020260000000000e+09, 1.838020740000000000e+09
1.838063940000000000e+09, 1.838064420000000000e+09
1.838107620000000000e+09, 1.838108100000000000e+09
1.838151300000000000e+09, 1.838151780000000000e+09
1.838194980000000000e+09, 1.838195460000000000e+09
1.838238660000000000e+09, 1.838239140000000000e+09
1.838282340000000000e+09, 1.838282820000000000e+09
1.838326020000000000e+09, 1.838326500000000000e+09
1.838369700000000000e+09, 1.838370180000000000e+09
1.838413380000000000e+09, 1.838413860000000000e+09
1.838457060000000000e+09, 1.838457540000000000e+09
1.838500740000000000e+09, 1.838501220000000000e+09
1.838544420000000000e+09, 1.838544900000000000e+09
1.838588100000000000e+09, 1.838588580000000000e+09
1.838631780000000000e+09, 1.838632260000000000e+09
1.838675460000000000e+09, 1.838675940000000000e+09
1.838719140000000000e+09, 1.838719620000000000e+09
1.838762820000000000e+09, 1.838763300000000000e+09
1.838806500000000000e+09, 1.838806980000000000e+09
1.838850180000000000e+09, 1.838850660000000000e+09
1.838893860000000000e+09, 1.838894340000000000e+09
1.838937540000000000e+09, 1.838938020000000000e+09
1.838981220000000000e+09, 1.838981700000000000e+09
1.839024900000000000e+09, 1.839025380000000000e+09
1.839068580000000000e+09, 1.839069060000000000e+09
1.839112260000000000e+09, 1.839112740000000000e+09
1.839155940000000000e+09, 1.839156420000000000e+09
1.839199620000000000e+09, 1.839200100000000000e+09
1.839243300000000000e+09, 1.839243780000000000e+09
1.839286980000000000e+09, 1.839287460000000000e+09
1.839330660000000000e+09, 1.839331140000000000e+09
1.839374340000000000e+09, 1.839374820000000000e+09
1.839418020000000000e+09, 1.839418500000000000e+09
1.839461700000000000e+09, 1.839462180000000000e+09
1.839505380000000000e+09, 1.839505860000000000e+09
1.839549060000000000e+09, 1.839549540000000000e+09
1.839592740000000000e+09, 1.839593220000000000e+09
1.839636420000000000e+09, 1.839636900000000000e+09
1.839680100000000000e+09, 1.839680580000000000e+09
1.839723780000000000e+09, 1.839724260000000000e+09
1.839767460000000000e+09, 1.839767940000000000e+09
1.839811140000000000e+09, 1.839811620000000000e+09
1.839854820000000000e+09, 1.839855300000000000e+09
1.839898500000000000e+09, 1.839898980000000000e+09
1.839942180000000000e+09, 1.839942660000000000e+09
1.839985860000000000e+09, 1.839986340000000000e+09
1.840029540000000000e+09, 1.840030020000000000e+09
1.840073220000000000e+09, 1.840073700000000000e+09
1.840116900000000000e+09, 1.840117380000000000e+09
1.840160580000000000e+09, 1.840161060000000000e+09
1.840204260000000000e+09, 1.840204740000000000e+09
1.840247940000000000e+09, 1.840248420000000000e+09
1.840291620000000000e+09, 1.840292100000000000e+09
1.840335300000000000e+09, 1.840335780000000000e+09
1.840378980000000000e+09, 1.840379460000000000e+09
1.840422660000000000e+09, 1.840423140000000000e+09
1.840466340000000000e+09, 1.840466820000000000e+09
1.840510020000000000e+09, 1.840510500000000000e+09
1.840553700000000000e+09, 1.840554180000000000e+09
1.840597380000000000e+09, 1.840597860000000000e+09
1.840641060000000000e+09, 1.840641540000000000e+09
1.840684740000000000e+09, 1.840685220000000000e+09
1.840728420000000000e+09, 1.840728900000000000e+09
1.840772100000000000e+09, 1.840772580000000000e+09
1.840815780000000000e+09, 1.840816260000000000e+09
1.840859460000000000e+09, 1.840859940000000000e+09
1.840903140000000000e+09, 1.840903620000000000e+09
1.840946820000000000e+09, 1.840947300000000000e+09
1.840990500000000000e+09, 1.840990980000000000e+09
1.841034180000000000e+09, 1.841034660000000000e+09
1.841077860000000000e+09, 1.841078340000000000e+09
1.841121540000000000e+09, 1.841122020000000000e+09
1.841165220000000000e+09, 1.841165700000000000e+09
1.841208900000000000e+09, 1.841209380000000000e+09
1.841252580000000000e+09, 1.841253060000000000e+09
1.841296260000000000e+09, 1.841296740000000000e+09
1.841339940000000000e+09, 1.841340420000000000e+09
1.841383620000000000e+09, 1.841384100000000000e+09
1.841427300000000000e+09, 1.841427780000000000e+09
1.841470980000000000e+09, 1.841471460000000000e+09
1.841514660000000000e+09, 1.841515140000000000e+09
1.841558340000000000e+09, 1.841558820000000000e+09
1.841602020000000000e+09, 1.841602500000000000e+09
1.841645700000000000e+09, 1.841646180000000000e+09
1.841689380000000000e+09, 1.841689860000000000e+09
1.841733060000000000e+09, 1.841733540000000000e+09
1.841776740000000000e+09, 1.841777220000000000e+09
1.841820420000000000e+09, 1.841820900000000000e+09
1.841864100000000000e+09, 1.841864580000000000e+09
1.841907780000000000e+09, 1.841908260000000000e+09
1.841951460000000000e+09, 1.841951940000000000e+09
1.841995140000000000e+09, 1.841995620000000000e+09
1.842038820000000000e+09, 1.842039300000000000e+09
1.842082500000000000e+09, 1.842082980000000000e+09
1.842126180000000000e+09, 1.842126660000000000e+09
1.842169860000000000e+09, 1.842170340000000000e+09
1.842213540000000000e+09, 1.842214020000000000e+09
1.842257220000000000e+09, 1.842257700000000000e+09
1.842300900000000000e+09, 1.842301380000000000e+09
1.842344580000000000e+09, 1.842345060000000000e+09
1.842388260000000000e+09, 1.842388740000000000e+09
1.842431940000000000e+09, 1.842432420000000000e+09
1.842475620000000000e+09, 1.842476100000000000e+09
1.842519300000000000e+09, 1.842519780000000000e+09
1.842562980000000000e+09, 1.842563460000000000e+09
1.842606660000000000e+09, 1.842607140000000000e+09
1.842650340000000000e+09, 1.842650820000000000e+09
1.842694020000000000e+09, 1.842694500000000000e+09
1.842737700000000000e+09, 1.842738180000000000e+09
1.842781380000000000e+09, 1.842781860000000000e+09
1.842825060000000000e+09, 1.842825540000000000e+09
1.842868740000000000e+09, 1.842869220000000000e+09
1.842912420000000000e+09, 1.842912900000000000e+09
1.842956100000000000e+09, 1.842956580000000000e+09
1.842999780000000000e+09, 1.843000260000000000e+09
1.843043460000000000e+09, 1.843043940000000000e+09
1.843087140000000000e+09, 1.843087620000000000e+09
1.843130820000000000e+09, 1.843131300000000000e+09
1.843174500000000000e+09, 1.843174980000000000e+09
1.843218180000000000e+09, 1.843218660000000000e+09
1.843261860000000000e+09, 1.843262340000000000e+09
1.843305540000000000e+09, 1.843306020000000000e+09
1.843349220000000000e+09, 1.843349700000000000e+09
1.843392900000000000e+09, 1.843393380000000000e+09
1.843436580000000000e+09, 1.843437060000000000e+09
